0 202 171 253 113 64 228 221 60 177 174 82 235 6 96 258 81 175 12 44 150 183 242 91 129 196 190 100 170 9 176 89 269 32 270 93 1 197 173 268 119 181 109 223 169 50 178 87 115 137 127 45 48 195 191 55 42 165 198 124 207 19 59 111 13 172 152
1 251 50 313 242 311 100 127 285 272 275 302
2 328 321 347
3 303 361 294 50 354 300 258 329 327 362 360 301
4 42 153 109 100 89 433 428 209 430 401 257 408 172 169 189 434 181 163 174
5 14 98 492 211 475 134 525 523 481 487 131 136 135 484 197 488 483 238 59 124 511 522 493 501 485 137 185 173 519 127 132 462 474 216 490
6 492 648 378 200 451 81 576 581 528 582 196 559 28 174 193 614 647 621 22 526 633 195 92 654 168 285 89 423 156 226 208 8 203 385 498 101 504 136 435 7 154 185 562 191 589 501 630 205 131 121 659 675 548 626 190 428 495 520 223 53 99 97 135 612 660 199 175 140 100 77 56 593 416 507 646 47 64 157 429 194 234 436 527 444 634 641 204 402 141 670 510 4 655 601 506 649 671 568 180 9 573 443 651 663 132 427 144 211 12 357 521 173 639 367
7 22 50 182 144 56 183 127 651 229 195 435 174 82 222 55
8 611 100 488 285 504 655 22 656 200 223 135 498 191 496 703 435 183 132 483 56 603 127 133 510 211 531 357 157 694 606 480 178 182 205 197 602 185 478 654 617 180 23 525 12 179 479 707 484
9 723 741 429 268 9 277 750 423 749 707 745 357 332 718 318 28 173
10 56 823 181 868 121 848 570 685 915 180 509 64 428 212 856 263 315 302 208 814 502 161 137 517 530 48 467 514 887 124 154 705 100 501 624 472 652 276 423 482 414 519 651 604 516 234 23 435 4 237 463 462 663 686 316 347 843 95 292 170 654 13 484 12 851 661 792 193 900 733 732 427 194 430 867 865 33 655 886 896 279 762 87 510 199 223 675 111 751 202 750 506 152 662 62 172 566 127 826 187 504 647 811 28 522 135 285 525 793 116 182 429 166
11 213 174 709 530 56 792 175 100 519 151 408 7 498 181 509 172 116 23 655 50 716 285 12 921 238 427 32 628 302 81 473 195 430 240 524 525 19
12 64 705 194 8 178 209 191 144 504 443 655 151 657 22 447 230 228 96 183 164 69 654 99 479 318 161 300 31 233 28 174 602 9 482 357 195 7 467 216 143 282 95 404 79 498 642 234 531 385 12 427 1 946 204 227 98 684 273 180 423 172 71 100 199 732 202 127 410
13 408 113 496 699 14 515 286 12 276 792 660 193 170 423 485 64 99 275 126 13 923 514 921 6 45 211 9 213 478 98 283 613 134 238 482 189 631 223 221 269 963 529 956 22 210 52 716 137 516 242 856 958 512 493 212 604 187 133 317 116 127
14 558 447 56 219 234 671 100 201 675 7 185 853 656 408 9
15 128 258 510 173 186 96 403 435 176 550 455 358 153 194 168 204 187 202 184 24 523 181 144 290 89 127 250 50 174
16 258 511 380 209 98 518 238 512 269 189 1 175 124 275 961 100 433 224 479 171 116 173
17 64 191 763 427 662 477 275 178 286 318 9 238 69 729 421 8 41 200 71 655 223 1007 276 151 324
18 181 615 478 174 50 114 479 408 204 125
19 98 7 480 174 228 222 223 436 258 56 429 288 185
20 403 56 22 597 68 174 50 226 62
21 153 161 679 465 216 1030 384 423 99 720 389 393 225 71 404 94 1 118 82 252 916 140 419 22 88 234 112 69 742 84 70 402 588 1033 1035 247 313 418 405 155 1031 78 144 501 288 326 294 1016 35 451 627 678 447
22 423 96 274 588 195 48 102 210 845 357 204 404 99 88 28 418 736 79 732 196 172 194 496 215 566 216 95 230 77 1 173 385 756 58 202 501 402 419 64 239 50 132 181
23 64 284 26 114 498 15 382 300 847 1 516 210 98 153 191 11 692 272 173 215 88 742 189 25 313 269 408 97 778 969 301 12 294 258 208 845 274 591
24 195 660 449 443 250 530 174 228 168 9 214 100 89 64 7 194 520 318 173 432 190
25 174 308 654 511 195 132 181 483 496 183 523 209 98
26 47 547 168 56 151 657 175 185 179 433 262 1021 428 432 93 652 1073 154
27 253 475 1084 319 1008 1010
28 1009 498 657 531 845 13 151 19 126 463 318 25 277 191
29 100 199 64 15
30 742 268 276 327 333 147 748 741 411 50 181 100 117
31 121 449 222 215 230 194 174 219 181 96 56 195 432 7 64 423 183 210 117 176 144 204 22 62 237 238 193 28
32 79 744 282 173 100 222 199 64 763 249 318 181 295 42 258 1 257
33 173 709 100 272 45 475 1097 850 156 246 813 654 64 61 228 257 923 558 1103 408 124 645 514 1101 171 175 209 116 12 511 213 655 603 367 153 313 137 1 203 56 7 168 584
34 196 715 92 583 550 215 433 12 287 702 238 13 132 318 381 559 127 421 724 14 100 208 126 134 48 709 1065 195 45 823 527 506 428 447 172 82 98 200 50 101 427 204 183 511 173 64 1005 845 963 435 56 276 59 357 483 675 713 647 423 508 176 135 462 403 181 168 514 234 651 498 211 436 650 137 288 581 746 479 97 474 313 185 616 198 736 197 1111 96 187 190 504 15 655 480 451 151 69 603 219 42 30 60 1093 53 28 129 517 953
35 60 430 208 1021 525 474 178 183 151 28 498 489 492 638 199 593 510 735 608 59 736 506 168 30 265 641 429 434 7 9 286 615 445 479 89 209 484 1122 175 603 483 135
36 433 132 258 8 89 173 318 176 164 168 55 250 56 50 238 222 83 380 521 1129 172 276 191 151
37 516 187 515 705 56 173 1141 215 746 12 175 70 168 209 50 475 436 179 183 520 194 127 174 48 10 496
38 196 676 427 197 318 239 48 378 50 660 15 423 215 356 64 77 9 392 178
39 64 117
40 256 268 174 12 56 1017 1134 48 1143 151 150 100 42 246 181 50 234 197 172
41 419 228 298 588 511 143
42 89 56 923 14 168
43 195 427 45 12 423 127 480 100 96 161 318 147 134 212 15 9 98 25 56 1147 553 191 493 198 197
44 657 12 127 474 479 89 81 518 173 59 135 64 179 154 187 197 188
45 135 276 1129 100 474 150 64 197 23 200 98 137 513 56 192 6 1154 96
46 484 474 195 431 179 174 523 52 268 641 1 28 519 199 183 42
47 100 246 124 269 286 813 325 7 251 1022 582 19 906 116 258 10 285 763 236
48 64 481 174 588 168 430 523 603 435 660
49 82 265 125 22 663 117 255 405 204 739 755 31 38 79 479 88
50 529 289 265 64 194 543 286 486 318 70 408
51 517 203 514 464 127 208 705 197 134 99 485 152 419 132 483 135 64 474 663
52 82 210 177 196 135 70 1189 209 88 208 79 684 568 96 64 97 491 186 8 132 216 230 100 62 202 199 228 502 781 172 181 435 50 510 204 195 153 944 49 174 648 194 849
53 881 904 886 311 1191 354 326
54 216 732 936 127 117 813 387 151 707 694 121 257 517 150 269 7 187 100 880 275 1 475 236 86 15 25 173 107
55 382 98 25 923 12 945 507 657 529 631 603 618 486 213 357 739 199 307 132 30 855 241 313 435 272 269 494 185 178 604 478 423 86 197 203 177 707 611 100 190 14 964 501 191 131 705 602 483 83 143 609 515 216 965 493 52 162 632 474 709 302 606 607 837 485 661 70 89 136 1195 651 170 1199 568 509 650 464 497 286 153 647 194 56 154 387 10 141 134 610 654 218 133 836 482 59 57 1039 732 8 527 211 97 402 1203 198 1202 511 275 481 316 1192 656 1201 479 137 847 135 516 730 498 23
56 195 331 265 689 82 181 174 234 318 515 97 357 176 603 98 127 50 187 750 22 651 205 511 69 333 183 79
57 176 313 98 238 475 223 518 276 89 508 582 209 56 1073 198 71 12 100 195 174 789 8 50 169 433 855
58 651 211 58 168 347 157 180 185 727 214 153 203 644 64 50 646 428 657 156 258 483 921 390 170 650 234 949 61 193 425 448 223 8 525 318 154 510 647 190 475 179 528 56 508 509 183 923 484 209 506 549 518 1073 735 654 317 436 736 464 504 527 91 238 47 465 474 86 127 631 134 182 151
59 1 174 173 471 14 83 204 404 657 7 393 328 191 183 175 91 436 199 170 463 423 210 705 153 71 968 515 186 207 485 216 257 195 8 472 238 194 50
60 91 484 645 64 100 170 483 1 1232 50 23 1154 185 187 7 195 318 181 98 89 127 265 200
61 228 222 670 89 482 50 115 7 28 655 97 79 430 32 202 919 135 204 132 183 96 191 408 153 663 23 169 69 208 423
62 4 50 742 181 410 168 258 11 56 237 12 273 64 475 22 117 763 147 651 780 172 98
63 275 10 14 137 319
64 258 627 195 230 550 665 742 117 176 520 96 252 172 121 388 380 67 173 211 265 79 181 403 373 449 164 125 156 174 451 82 72 227 202 229 755 405 636 288 1016 226 151 56
65 289 306 312 316 272
66 595 126 326 976 246 328 303 50 255 1251 258 257 874 299 979
67 175 1104 183 100 179 89 172
68 8 234 530 466 511 642 32 89 12 1073 952 9 178 7 183 56 177 23 13 240 124 654 479 176 317 48 185 192 628 100 558 508
69 187 313 344 268 203 519 11 246 127 596
70 181 15 50 405 176 421 168 12 1016 307 628 56 886 117 214 257 179 172 763 173 96 475 164
71 200 774 174 433 176 156 547 511 23 436 853 184 655 474 22 164 32 193 134 180 288 675 919 7 79 53 135 551 320 55 396 171 98 210 960 201 844 558 172 188 100 179 427
72 222 718 313 716 697 275 272 87 111 451 742 109 117 268 511 100 310 282 1160 50 1260 300 11 879 1166 537 210 286 125 28 194 7 458 31 196 727 655
73 14 509 86 9 428 124 479 742 357 717 237 25 257 12 172 318
74 715 708 212 70 511 191 175 464 46 269 1044 469 1113 83 127 197 699
75 135 165 285 127 511 707 143 9 197 435 286 242 514 14
76 163 190 318 134 239 173 22 143 945 204 485 64 73 136 498 194 174 98 87 275 94 283 568 88 50 210 79 195 705 181 176 191 520 455 300 751 172 144 202 205 168 95 67 222
77 878 884 313 1175 337 681 353 266 881
78 243 748 450 62 343 258 230
79 603 736 143 283 216 64 427 378 588 300 173 425 136 86 265 196 487 942 838 499 133 82 651 478 483 490 955 131 319 496 275 28 180
80 234 366 410 568 56 172 550 204 50 418 357 158 3 183 1047 150 625 134 282 66 742 33 286 176 174 443 226 393 195 534 69 298 975 288 111 271 627 202 68 684 218 249 132 658 746 54 501 423 252 692 82 98 79 237 313 181 420 11 403 427 354 289 24 895 763 527 465 578 64 294 321 808 236 196 95 326 552 300 419 404 802 1220 96 820 77 144 17 219 752 7 751 272 93 121
81 748 15 326 1
82 144 300 546 55 195 261 50 222 183 235 250 117 257 266 121 181 174 680 210 385 405 89 411 1028 685 96 79
83 26 523 98 514 519 187 194 513 12 56 137 45 474 497
84 303 297 100 1233 744
85 331 333 313 326 288
86 153 313 747 64 523 50 22 194 33 96 190 531 195 655 173 69 87 316 135 318 48 9 174 527 212
87 56 22 1245 448 393 183 50 172 315 182 552 203 174 665 346 273 327 230 216 69 79 470 100 42 265 270 195 431 12 150 242 1073 879 156 1028 117 257 515 282 603 328 316 88 447 343 1273 181 31 135 176 1041 240 436 98 269 234 96 11 1011 97
88 408 114 70 172 214 596 71 473 357 169 509 116 507 7 432 50 89 209 474 181 56 663 174 133 173
89 181 475 268 276
90 10 197 835 12 919 372 317 969 490 480 522 529 169 228 175 357 486 709 213 224 223 114 428 735 489 83 172 414 64 121 227 659 164 451 633 420 1286 483 52 466 286 137 86 528 181 1203 657 275 238 638 132 474 847 211 512 50 499 497 516 523 965 14 88 953 507 93 628 133 1 443 487 178 971 151 652 606 1269 170 222 168 4 427 174 945 258 143 124 135 664 610 202 498 705 380
91 685 111 272 716 132 97 125 780 866 167 220 255 1028 790 966 67 286 80 483 157 1041 71 69 720 161 274 49 402 487 692 66 173 1136 284 121 143 423 781 155 280 88 763 393 568 660 451
92 150 127 273 137 1 293 147 268 508 100 313 286 340 515 244 235
93 770 190 8 525 100 228 182 62 137 127 116 659 168 275 118 209 89 39 194 129 694 187 202 408 284 283 511 174 217 686 56 651 208 648 22 195 83 709 7
94 1028 127 451 245 678 220 310 273 595 1095 333 126 7 476 276 405 25 866 125 298 1012 322 597 15 1132
95 234 174 160 430 56 187 484 32 24 693 475 182 1012 273 531 671 248 201 508 293 185 922 461 483 276 458 157 288 127
96 685 117 313 125 245 148 331 300 118 181 333 748 121 258 370 866 291 934 742 405 282 472 471 328
97 1126 381 318 478 435 521 8 530 83 512 241 615 137 465
98 151 866 1197 1016 25 117 257 282 222 15 742 126 225 300 744 1
99 749 245 984 322 300
100 315 937 660 402 160 471 699 107 255 312 332 196 655 66 1053 248 28 845 268 14 276 949 197 162 762 1041 216 56 272 433 846 238 953 12 1282 111 739 1221 553 278 662 747 9 1262 15 69 340 126 178 371 70 381 286 125 716 1086 648 215 65 87 708 98 202 88
101 127 483 172 11 98
102 324 272 100 50 246 475 222 7 93 293 340 285
103 56 89 175 179 276 100 470 23 50 288 144 98 156
104 121 427 288 275 210 58 22 257 98 181 28 15 228 478 241 82 127 97 265 11 313 50 184 735 157 64 658 511 684 161 215 12 283 993 232 69 174 173
105 462 68 433 121 83 213 631 421 111 56 694 1131 658 380 258 733 684 660 98 196 961 372 222 469 53 655
106 69 172 423 181 50 596 178
107 514 86 100 1137 498 275 699 588 647 137 1398 382 57 606 9 515 221 528 357 483 285 694 283 1160 340 632 170 496 488 262 371 318
108 566 925 322 44 117 226 300 1016 98 203 356 38 159 1042 77
109 64 116 427 792 275 191 651 65 216 179 8 462 173 137 694
110 692 143 96 218 7 628 173 98 419 79 392 632 216 483 498 470 22 566 591 180 318 265 174 11 484
111 520 1060 56 20 197 1 462 480 1021 496 1099 632 652 173 216 143 484 505 275 294 510 474 479 638 234 1117 89 423 196 172 99 283 204 1065 238 527 603 207 500 124 191 50 178 175 4 10 952 133 433 498 486 318 8 792 199 525 1404 179 489 14 185 180
112 86 316
113 520 56 127 192 64 28 22 467 655 238 173 168 186 318 136
114 655 663 692 8 285 153
115 511 515 176 449 510 651 181 195 89 127 174 210 22 265 172 183 82 177 50
116 188 654 183 174 979 1142 101 56 186 127 531 50 474 89 81
117 242 286 475 116 9 269
118 222 673 304 96 365 11 588 478 227 265 229 431 121 357 143 578 173 174 208 183 210 50 147 432 125 420 99 1 515 1419 69 169 392 89 98 325 358 68 423 117 483 132 385 924 443 62 202 95 378 230 380 172 176 204 288 429
119 340 292 297 45 302 303 242 170 318 1296
120 302 895 315 313 272 310
121 318 187 153 64 316 871 211 515
122 204 97 527 274 357 161 135 631 404 202 73 50 257 182 187 152 197 127 210 23 56 482 181 483 208 423 153 514 315 654 402 302 168
123 197 527 199 268 528 246 87 317
124 273 172 173 144 50 79 715 204 97 357 628 180 132 121 274 778 238 214 502 156 143 504 185 24 478 187 127 284 463 483 192 56 164 597 213 55 64 154 197 195 42 98 125
125 42 179 1065 56 236 327 512 221 12 23 132 324 185 427 650 64 475 156 175 516 188 253 209 11
126 423 151 1039 183 432 434 176 480 496 313 50 1063 195 517 56 168 132 87
127 55 174 196 69 12 298 651 7 4 282 150 200 122 475 188 313 215 943 318 11 789 42 100 98 22 56 64 238 655 302 496 315 1067
128 22 82 195 578 685 679 79 222 403 684
129 179 132 114 215 382 855 631 664 223 433
130 750 53 22 69 96 7 125 239 196 746 9 12 204 276 300 568 127 318 89 79 228 521 31 238 11 28 328 56 742 117 258 100 174 48 628 333 64
131 969 237 216 298 69 95 1016 117 71 155 173 546
132 237 480 136 418 1203 427 606 215 194 510 482 478 98
133 293 7 93 137 129 100
134 313 272 690
135 742 304 963 378 196 402 50 125 153 8 739 276 357 484 485 71 418 515 79 98 951 265 28 237 95 427 1 82 420 223 132 294 588 498 496 211 22 161 117 174 143 423 64 627 549
136 483 91 175 705 315 276 81 461 318 474 302 132 170 100 48 900 178 475 196
137 357 958 48 174 57 98 644 212 492 69 97 568 276 313 1194 56 515 249 71 483 261 47 196 527 197 204 275 95 735 498 588 318 371 521 216 478 23 127 435 168 70 528 462 180 64 9 215
138 705 134 519 1463 8 604 91 484 654 194 1121 178 863 606 197 498 166 511 99 611 513 661 165 615 200
139 70 419 511 275 435 193 197 211 194 1021 512 522 318 1176 50 179 524 344
140 57 286 729 506 170 735 185 223 15 419 614 69 432 483 216 127 9 423 318 750 328 64 133 98 282
141 100 1192 183 513 603 408 169 127 134 474 483 64
142 1099 272 491 194 9 96 475 58 529 187 10 317 183 98 671 923 198 1245 530 493 654 124 516 8 1203 701 1056 650 603 134 508 195 175 488 954 663 207 736 340 527 484 443 162 675 474 512 65 421 50 961 499 427 753 489 434 221 511 745 165 462 652 180 632 242 42 137 647 238 209 531 483 12 633 505 507 463 116 509 179 1065 528 39 14 433
143 313 288 272 269 895 286
144 750 286
145 1137 934 305 1357 306 268 740 275 1355
146 221 582 511 317 1281 86 191 157 8
147 154 89 652 238 743 509 101 179 208 1098 764 1045 168 196 886 217 584 42 856 200 553 721 655 246 268 3 357 527 169 317 68 26 9 214 1467 171 276 56 735
148 425 68 109 1101 895 260 151 652 853 238 567 12 81 173 219 178 181 172 185 223 50 433
149 736 50 28 70 258
150 117 475 183 198 515 186 11 854 114 176 50 64 156 98
151 241 746 124 182 58 169 68 198 98 479 634 55 42 919 686 1103 591 83 114 283 203 89 12 64 789 237 483 135 462 480 806 56 421 173 248 1069 156 7 242 179 603 408 318 92 69 238 427 844 129 147
152 596 200 64 480 92 71 813 1137 474 135 321 69 50 501 676 100 993 458 1426 12 1073 418 175 98 55 91 588
153 1014 144 50 132 237 520 612 172 298 64 313 151 742 45 185 480
154 9 268 275 1 410 276 286 149 124
155 465 510 198 173 117 705 64 496 79 98 588 494 12 202 689 190 96 482 659 1 427 490 132 518 966 318
156 50 97 133 313 8 423 210 449 69 172 135
157 249 98 234 682 56 324
158 781 487 25 716 939 280 291 278 195 12 385 226 4 566 742 925 125 1086 550 685 775 473 121 98 89 234 118 769 568 31 79 684 185 815 88 15 22 54 117 151 739 288 5 678 82 1042 1150 732 591 986 381 96 11 216 989
159 59 276 50 100 531 1462 324 582 475 1129 381 313 286 60 921 61 14 285 1137
160 313 310 873 748 272 332 286 300
161 12 357 317 1135 475 154 168
162 875 339 1025 359 410 892 687 243 300
163 64 318 486 1014 699
164 419 416 523 69 1473 318 134 205 95 526 64 162 495 483 648 661 163 195 168 188 22 496 100 174 690 498 646 527 732 511 194 443 133 135 141
165 200 721 504 475 659 558 208 56 559 219 709 153 283 216 168 183 745 433 42 12 606 1103 238 179 204 269 194 184 288 19 514 211 202 182 478 100 525 7 93 23 201 186 98 235 150 275 430 517 209
166 742 300 237 298 117 748 100 282
167 518 114 654 50 187 464 7 1073 250 177 24 433 475 647 228 33 128 176 789 515 64 182 124 169 206 180 156 209 186 153 127 198 56 498 483 202 614 203 98 157 1240 188 135 12 89 181 265
168 205 114 483 153 169 134 302 582 174 59 50 268 60 286 96 176 172 408
169 522 246 156 640 922 340 131 529 959 664 177 213 506 856 531 175 475 171 527 1065 238 512 427 194 998 741 100 1017 537 357 197 185 644 42 56 523 151 496 1428 1103 23 132 603 371 108
170 25 558 778 370 781 306 327 387 70 1119 281 707 379 596 441 741 155 173 156 286 222 241 800 218 295 747 288 217 275 471 872 402 1210 740 253 183 584 50 26 60 713 5 727 581 559 1009 583 164 694 421 535 200 1073 1074 319 251 123 943 93 88 475 268 219 185 234 242 1007 1109 56 283
171 187 482 211 50 191 172 180 200 170 192 318 64 430 265 70 495 193 660 98 127 520 234 194 527 521 4 205 498 511 302 654 97 496 100 181 963 427 515 28
172 178 12 1101 127 22 357 483 469 79 211 514 210 96 205 175 654 238 200 194 174 56 134
173 50 748 275 496 478 83 319 713 150 164 181 762 98 282 100 69 685 9 15 258 318 629 744 234
174 64 181 474 357 157 180 11 429 318 56 22 853 432 238 302 168 214 156 169 408 206 135 186 204 423 258 653 50 603 100 298 151 144 201 9 183 313 195 174 1 173 7 508 12 187 172 200 1019 23 182
175 603 525 269 306 752 923
176 154 741 746 491 1413 408 175 24 209 265 654 391 201 184 25 233 465 721 831 474 712 153 128 401 597 189 109 455 1206 659 1012 1491 410 636 864 257 862 321 27 945 7
177 1028 53 117 1313 538 723 40 1168 942 1401 476 274 288 56 220 1466 1221 235 324 200 697 315 389 66 527 155 496 486 416 8 1217 1099 660 928 385 750 392 9 423 451 216 379 318 276 12 588
178 304 690
179 1114 432 186 42 709 659 238 50 125 95 435 208 56 412 91 173
180 301 347 303
181 150 288 538 313 302 357
182 379 288 175 73 85 1316 34 689 151 83 1039 1265 465 272 248 419 309 738 404 57 881 1286 640 732 381 1280 186 394 251 658 883 111 1375 147 224 179 969 535 336 433 95 1075 210 132 888 316 70 301 742 451 4 884 382 955 431 116 123 1060 101 629 906 800 367 403
183 1 294 249 11 1016 218 156 346 591 461 28 117 291 201 340 845 50 237 9 100 168 222 64
184 272 196 202 900 887 300 69 64 178 357 346 22 180 544 427 345 1358 520 136 269 197 98 211 205
185 143 50 71 158 423 172 210 483 174 28 692 181
186 144 686 15 428 466 741 460 168 410 455 56 174 567 179 496 156 294 24 181 288 1073 685 9 448 581 5 238 469 79 12 1 210 90 1220 780 117 100 69 670 631 291 172 173 98 844 64 223 151 293 508
187 174 11 661 276 183 10 488 100 525 657 151 429 919 475 484 855 173 79 83 56 207 144 320 659 223 127 190 58 482 156 209 180 98 844 1073 199 499 631 64 169 228 331 483
188 135 496 484 705 654 157 172 134 474 480 64 603 89 182 48 50 483 506 174 518 192 173 513 185 432 45 127
189 271 127 288 603 248 475 347 269 121 50 249 151 313 181 538 286 515 1
190 218 961 704 483 727 173 405 966 624 153 1221 1401 25 154 737 498 1115 164 602 98 157 7 241 318 1028 1170 86 435 115 496 660 91 60 631 125 417 202 431 208 629 69 213 196 97 65 497 382 216 381 70 186 100 168 89 71 735 50 52 951 511 461 402 209 1050 582 132
191 705 508 855 258 48 286 272 510 427 83 961 1073 96 292 1142 654 277 485 172 504 923 124 963 204 845 121 482 45 134 89 269 435 257 198 293 100 125 663 199 528 237 251 221 127 628 313 50 256 19 301 1 7 181 483 11 114 632 469 514 659 187 498 23
192 275 286 223 86 12 515 97 475 98 50 238 143 272 137 70 603 154 258 185 174 750 168 527 479 100 690 153
193 8 498 496 237 502 71 483 527 194 430 134 1 530 603 127 205 143 168 211 423 208 88 193 215 419 132 479 210 333 526 174 50 427 357 187 482
194 127 216 285 150 173 433 543 59 175 170 190 1005 514 474 251 483 487 60 753 12 10 510 89 83
195 202 174 496 384 95 651 215 1028 269 204 181 195 109 197 455 82 43 64 693 50 318 128 69 117 226 100
196 134 161 176 209 435 182 179 203 262 654 129 181 202 9 318 234 79 96 153 91 183 67 219 739 237 792 705 42 172 208 268 185 286 483 156 216 517 482 603 387 525 357 658 340 151 50 168 215 780 709 56 170 98 474 22 150 23 269 127 41 174 93 246 132 187 144 8 479 588 1039 1 403 514 47 655 221 116 191
197 427 483 50 189 923 529 209 216 169 638 530 134 207 921 856 527 12 480 793 251 315 171 48 1 382 709 408 1018 486 474 462 45 311 242 127 1286
198 242 306 269 150 19 1251
199 89 173 258 71 313 229 527 169 463 154 81 153 408 423 114 214 186 83 230 227 181 257 209 1 168 483 228 172 433 109 50
200 81 187 298 502 511 433 705 12 177 498 466 238 664 175 89 482 23 408 469 715 201 512 56 646 494 428 135 423 8 663 32 11 153 603 203 50 588 134 152 1065 1169 182 653 853 200 479 654 180 218 525 642 169
201 116 845 304 257 1022 275 50 1142
202 98 83 385 28 204 469 82 178 174 526 708 1093 592 193 183 15 86 89 523 315 216 177 750 196 423 479 357 228 520 501 77 173 64 282 56 630 645 210 96 496 69 371 230 392
203 133 494 921 641 480 631 134 1203 557 639 675 57 234 498 132 357 603 96 131 482 483 489 584 659 275 8 170 604 205 593 52 528 543 656 588 190 136 195 1039 611 183 968 179 520 713 653 633 89 863 488 70 1 206 463 187 174 850 493 521 654 524 671 684 486 510 855 185 166 505 519 432 663 835 613 1020 537 191 531 478 515 207 607 596 945 479 427 657 10 1298 509 610 673 612 606 14 507 178 97 223 530 661 813 638 213 1172 618 189 1050 169 601 484 429 511 644 647 199 430
204 616 96 191 488 205 180 435 135 73 100 203 501 69 134 498 474 525 480 178 420 483 430 479 633 523 183 484 195 503 432 505 202 520 504 654 427 89 127 357 79 603 197
205 28 95 692 924 735 29 591 268 204 672 42 143 255 155 763 64 288 237 71 1136 682 418 739 88 246 946 278 378 588 11 1311 161 699 845 721 66 294 628 257 410 332 15 820 38 1053 41 69 568 476 768
206 305 531 654 223 302 156 285 127 603 100 269 238 12 792 25 175 513 154 209 286 204 23 318
207 98 549 19 283 1039 521 318 923 651 531 286 275 716 427 582
208 648 204 610 197 194 315 509 127 419 158 485 435 186 15 211 657 157 69 26 70 527 269 739 732 100 482 1160 134 735 423 143 25
209 177 68 210 173 431 156 184 92 550 17 121 204 195 946 470 56 51 96 248
210 483 1194 205 497 484 515 633 510 132 604 435 603 221 133 498
211 197 32 50 479 192 185 179 194 521 313 182 64 302 528 157 654 483 655
212 744 22 203 467 180 215 56 1050 11 23 50 156 181 651
213 471 298 1094 754 300 9 307 872 288 260 14 50 282 259 1 276 411 270 763 125 286 873 273 846 742 410
214 430 179 506 177 484 135 175 835 127 525 99 483 137 434 50 23 114 1203 408
215 50 496 318 732 185 144 443 479 386 98 530 527 525 613 183 485 657 483 434 616 484 515 226 498 550 520 474 199 648
216 192 188 234 634 9 132 959 919 865 201 896 318
217 519 528 188 132 265 510 100 22 515 157 241 28 12 272 127 286 684 347 498 651 316 300 258 582 176
218 235 51 215 596 465 8 44 204 50 181 603 213 208 97 58 549 47 692 200 845 153 172 193 71 133 763 418 1044 588 286 22 419 95 73 118 1084 238 132 98 568 729 210 660 216 739 126 866 31 651 501 257 69 1 969 385 202 21 963 405 989 403 694 423 64 966 228 143 117 627 496 732
219 69 305 81 180 947 682 304 302 268 306 511
220 693 228 229 284 451 673 1188 98 258 82 655 300 288 354 181 1218 97 218 928 22 5 144 95 684 8 11 159 273 1090 333 328 746 237 679 252 470 227 234 895 210 651 450 172 121 742 294 230 96 323 56 833 313 118 79 125 195 327 431 307 41 226 173 385 64 50 302 550
221 603 100 481 302 1010 7 663 168 652 531 582 346 642 488 297 483 221 115 606 228 484 134 433 887 124 896 208
222 154 1074 216 153 122 168 762 90 237 70 204 26 210 591 273 173
223 230 742 121 222 515 471 15 228 50 227 151
224 408 484 663 134 582 603 516 170 480 654 443 708 514 135 650 52 197 488 275 479 169
225 132 856 198 32 693 589 673 523 175 631 23 607 286 522 496 642 135 469 525 182 192 603 1 269 89 45 179 1017 483 357 127 530 428 640 197 134 180 649 511 160 528 427 199 488 81 205 131 485 238 191 173 136 293 187 1240 9 654 250 143 178 518 480
226 1 405 418 265 526 71 588 946 215 199 88 520 173 143 15 95 497 480 969 378
227 288 132 1368 175 191 56 58 189 657 32 1128 100 558 129 813 143 23 123 209 301 131 367 144 547 47 656 482 408 433 251 487 212 499 381 216 11 114 488 486 182 428 9 12 475 514 14
228 82 655 275 20 12 474 423 211 792 483 163 919 8 250 199 778 475 132 498 499 69 52 175 11 169 427 174 23 324 521 614 530 1 508 180 231 86 357 297 57 153 334 527 449 4 176 657 65 134 98 179 1039 7 56 81 318 9 523 28 276 606 53 154 408 510 215 13 496 531 72 663 425 116 735 715 317 478 963
229 315 45 195 12 191 176 208 183 251 357 272 137 487 8 1142 151 89 174 198 367 127 285 694 709 516 169 50 588 408 1020 64 100 173 302
230 48 151 285 173 251 221 315 443 660 100 302 64 132 51 269 98 311 272 582 126 196 170 223 298 762 124 87 262 1007 248 238 12 469 150
231 33 133 291 879 174 22 572 12 50 300 56 181 172 2 496 318 520 55 127 385 79 182 566 195
232 22 144 168 435 85 288 300 472 239 82 291 182 55 56 125 410 959 127 721 98 273 172 233 68 403 187 157 240 356 117 31 333 50 1039 181 655 550 76 188 686 977 293 177 282 186 411 693 357
233 928 288 147 313 126 111 323
234 10 276 285
235 174 657 589 286 604 133 172 185 136 479 515 195 168 435 132 654 23 483 480 427 603 127
236 879 313 984 750 754 286 326 327 300 322 289 323 310 312 258
237 182 172 50 39 98 174
238 316 272 332 313
239 242 694 86 61 382 904 149 213 124 57 603 664 344 52 136 584 513 516 100 20 889 753 709 116 59 311 381 528 606 270 811 19 168 1466 676 8 45 10
240 1175 319
241 313 272 258
242 222 125 118 326 405 866 713 237 977 1 744 280 270 10 147 117 151 1277 273 220 111 275 304 455 126 1028 121 283 508
243 132 863 318 582 1021 8 512 1006 114 221
244 313 408 298 181 50
245 14 134 735 251 166 127 963 23 483 170 205 357 286 100 64 654 1039 521 285 955 193 137
246 286 709 185 203 100 517 531 197 513 173 514 170 430 165 23 657 212 705 216 603 319
247 333 312 302 350 689 300 879
248 1495 189 1007 55 114 1019 307 152 474 169 96 222 752 11 117 298 317 657 710 185 172 171 56 747 408 50 90 248 235 919 4 223 12 150 302 455 8 100 313
249 813 150 288 1137 100 340 268
250 853 448 672 447 185 436 164 443 573 56 854 219 559 561 217 671 201 53 200 17
251 17 665 100 56 288 919 179 183 302 7 184 50 98
252 17 320 313 184
253 265 209 493 257 607 661 269 443 302 427
254 237 663 98 79 234 265 22 527 357 186 431 183 69 77 31 73 204 202
255 635 183 672 148 547 327 561 581 23 185 447 79 288 436 98 292 1090 273
256 724 154 89 68 114 204 102 451 378 318 196 709 48 655 432 186 165 71 173 181 275 1119 431 169 95 83 946 496 99 22 50 418 12 172 645 153 170 735 168
257 129 125 200 735 182 880 223 237 770 87 28 692 265 1042 310 466 71 100 186 161 924 226 69 872 465 97 64 458 48 77 568 174 98 197 1010 192 229 282 742 762 684 443 693 241 546 25 117 31
258 288 154 98 272 168 234 200 294
259 52 289 191 302 596 133 48 9 286 469 629 22 528 318 213 468 582 275 173 317 606 14 98 313 588 97
260 520 732 8 176 480 98 522 211 504 530 4 152 603 127 187 100 12 285 568 631 191 79 205 144 204 251 131 137 357 654 56 178 186 414 173 194 502 644 47 7 94 185 435 234 709 175 474 197 707 317
261 582 50 212 652 216 473 304 135 133 175 89 318 898 705 479 529 432 151 487 640 514 132 1 525 509 294 134 124 96 1060 520 483 480
262 474 1229 481 56 23 482 334 59 235
263 474 321 86 137 513 14 9 483 427 135 357 654 340 480 315 517 285 514 134 238 182 657 132 180 478 496 316 286 604 736 188 185 213 200
264 1367 221 524 474 1536 285 489 56 48 408 114 1129 128 189 1021 1097 603 1524 185 479 896 8 169 192 650 18 238 1154 675 1158 945 32 430 235 1252 1499 654 512 855 1070 497 30 23
265 56 200 1007 224 201 844 168 693 854 1143 189 52 1199 357 223 1240 549 209 135 156 238 93 192 515 193 434 22 580 919 856 129 205 89 7 513 175 179 28 641 188 174 214
266 613 507 378 492 100 1203 1298 478 404 1451 498 275 699 1286 705 965 475 50 484 172 514 132 127 474 208 610 483 605 631 423 185 480 481 191 923 238 99 491 285 202 56 427 835 671 197 657 59 588 501 302 134 485 524 187 199 482 430 488 87 494 487 133
267 56 26 197 357 474 530 238 127 510 200 12 64 60 61 334 504 661 174 651 705 186 209 435 648
268 178 302 165 23 179 98 321 1142 166 8 511 632 268 99 199 180 170 134 172 515 246 127 257 482 615 272 1007 197 50 181 313 340 191 513 517 837 604 316 269 174 528
269 763 12 136 342 328 50 1169 394 316 172 147 270 1016 496 315 787
270 174 217 117 423 655 79 50 208 385 144 7 195 419 416 496 186 68 96 179 22 89 69 202 173 742 431 176 627 151
271 172 315 632 365 64 98 257 378 343 181 97 154 89 215 50 1 186 423 127 163 750
272 178 56 657 174 513 615 177 127 156 171 135 197 423 641 100 192 199 611 134 172 186 480 58 474 522
273 69 520 493 172 144 216 228 648 162 1450 393 435 480 28 491 197 194 496 174 604 132 205 498 521 178 705 482 478 185 483 1
274 924 196 588 475 746 747 143 15
275 480 127 151 479 511 96 286 515 204 1 276 483 510 95 168 15 408 100
276 121 7 471 748 222 100 147 50 405 237 282
277 210 692 186 172 127 575 451 527 673 318 192 423 949 559 452 732 73 427 939 1063 403 22 94 376 132 215 195 356 1053 842 204 23 12 143 238 1218 794 420 218 208 64 38 288 47 571 187 735 781 392 1041 99 357 429 792 181 79
278 156 318 645 463 501 701 195 612 482 181 435 99 50 164 647 511 183 42 589 1021 526 172 175 135 641 474 179 211 133 434 428 498 190 624 404 663 194 96 499 191 121 129 32 418 180 513 97 661 657 631 671 432 56 9 185 462 382 154
279 238 56 185 100 496 209 8 98 154 659 191 168 169
280 50 659 59 480 154 203 168 489 97 135 474 60 615 514 496 89 204 427 98 172 1194 286 186 661 1449 179 647 14 505 100 1512 1020 180 923 603 511
281 172 168 186 709 181 210 194
282 124 275 50 14 286 515 283
283 100 272 258 302 288 11 270
284 328 56 180 195 480 531 483 174
285 125 356 272 210 277 234 56 427 479 51 506 117 64 174 607 936 22 966 168 258 288 480 1007 385 204 443 126 155 402 82 531 339 83 739 317 196 515 692 750 81 241 1074 1426 746 915 468 13 248 12 588 326 627 87 98 576 357 58 403 194 251 1516 591 9 286 1 127 275 313 199 121 50 763 658 195 660 1016 24 209 181 676 319 239 31 1262 754 281 686 476 28 1058 211 794 172 200 216 66 500 65 873 318 735 8 295 183 378 191 215 136 699 625 657 148 1189 614 451 1221 232 1119 265 164 302 150 282 293 520 345 173 727 147 255 603 392 655 100 659 1594
286 173 488 134 14 478 615 604 100 50 275 174
287 283 753 275 251 100 513 484 190 127 855 690 179 285
288 919 273 410 324 250 98 665 286 275 137
289 272 276 9 302 750 100 887
290 271 475 172 56 222 288 302 346 12 92
291 480 603 429 199 318 492 657 488 185 654 427 705 483 133 482 484 481
292 341 680 263 1296 874 245 989 688 1265 303 937 681 359 990 332 289 268 881 334
293 690 877 300 272 315 245 751
294 86 431 1039 427 134 170 15 211 166 165 137 531 12 602 168 151 69 22 298 114 527 181 50 190 191 340 172 483 203 470 100 498 180 357 507 199
295 237 50 1047 763 315 628 288 282 1012
296 302 50 60 194 12 1005 919 276 269 286 137
297 220 125 1095 237 975 111 274 287 974 118 1197
298 462 628 273 160 173 343 410 171 313 82 52 50 11 174 200 834 713 385 318 168 433 199 183 246 176 195 31 159 1268 219 562 331 45 64 578 1 25 96 307 919 268 56 181 55 10 169 177 98 430
299 658 742 845 157 66 787 746 1468 219 568 649 313 655 628 974 182 83 327 340 204 506 72 747 693 144 11 187
300 419 14 197 451 1153 423 50 663 479 131 404 483 133 473 276 124 657 132 654 12 134 607 582 736 151 482 603 1599 275 428 143 174 507 478 292 221 1063 511 417 716 153 961 401 202 319 462
301 476 50 237 866 280 245 815 148 282
302 14 285 276 1600
303 886 1038 283 971 271 937 921 1191 171 1591 750 350 1194 904 736 1265 329 312 242 272 361 57 883 462 304
304 636 710 56 695 228 172 92
305 121 100 68 174 7 135 258 484 483 963 248 89 1142 144 56 156 12 223 83 181 50
306 137 212 276 702 753 269 61 59 100 936 285 60 475 462 1005
307 470 142 162 144 1160 496 387 265 194 942 237 152 520 211 904 139 523 478 89 238 49 419 923 1152 101 272 736 707 514 905 502 1192 193 607 127 378 632 132 751 1039 474 482 282 153 199 357 1172 506 313 1221 136 302 26 651 185 1153 182 187 239 497 527 380 166 609 278 197 606 622 481 936 292 167 648 215 900 88 269 794 633 87 168 557 499 173 161 528 196 133 114 318 307 23 485 492 724 722 603 11 151 504 170 516 584
308 294 331 288 333 678 873
309 191 27 89 121 69 597 792 1427 161 243 482 479 465 423 48 154 318 518 197 22 124 7 127 70 100 607 50 825 480 223 98
310 135 56 126 97 191 197 127 50 82 200 258 286
311 192 500 527 156 285 825 45 79 12 228 474 48 127 258 157 428 20 64 96 168 651 172 144 143 132 234 357 531 100 8 265 462 173 89 470 209 22 1168 50 223 59 83 197 200 1039 195 405 190 588 176 185 180 239 216 9 82 318 214 162 582 709 97 193 183 51 196 151 222 147 28 154 135 210 175 528 660 69 423 169 275 433 238
312 191 152 12 86 293 317 9 408 127 430 169 14 980 526 896 134 203 58 1067 283 187 484 302 56 1039 79 276 275 531 483
313 311 515 100 137 19
314 289 332 321 313 310 288 22 300 11 272 237 866 328
315 269 482 709 194 705 258 603 302 248 295 520 292 515 12 127
316 268 1142 124 7 276 246 127
317 209 507 71 498 4 132 182 98 293 357 214 173 56 144 178 655 195 22 25 150 246 96 97 180 47 153 427 50 174 82 963 1070 647 432 204 91 124 143 1134 64 9
318 513 484 530 194 134 10 1558 923 705 495 483 656 611 511 490 286 474 507 603 487
319 140 477 8 102 422 465 82 393
320 11 193 258 168 449 250 181 120 195 318 609 380 568 739 255 578 217 552 720 288 3 559 658 1119 1 431 748 930 477 204 72 550 541 66 228 90 185 56 7 68 1090 768 343 121 28 576 1110 69 313 101 226 239 64 186 173 2 210 132 172 597 386 174 742 33 562 358 161 79 375 432 405 367 403 230 222 1139 421 231 472 423 176 227 91 22 825 385 831 554 916 208 603 235 50 866 62 549 96
321 1142 268 116 275 9 475 150
322 8 480 528 176 180 484 100 474 316 191 77 265 506 707 172 234 285 196 210 529 11 183 195 194 603 521 203 135 173 463 461 7 483 98 276 15 209 513 435 211 12 69 511 497 182 527 50 659 116 179 660 566 64 709 520 205 530 13 584 526 286 97 188 655 515 187 127 582 357 423 137 654 523 25 1063 9 549 509 448 124
323 316 902 50
324 815 709 88 255 25 289 553 1041 49 275 274 66
325 143 318 276 496 288 381 98 237 216 357 340 568 843 12 64 15 182 144 710
326 174 489 127 181 1 282 945 173 183 258 727 511 651 1142 8 480 157 408 169 609 199 234 498 647 200
327 190 166 165 12 169
328 524 435 216 648 505 283 70 181 191 211
329 70 195 96 651 265 1 202 318 56 924 588 50 15 227 97 257 230 655 313 692 222 136 427 229 174 28 153 22 684 233 732 87 423 468 210
330 471 127 7 887 14 880 1598 1137 515 9 100 1142 813 302 1405
331 280 470 293 12 136 265 45 161 194 732 68 183 79 174 300 1019 955 97 239 742 230 651 1 378 82 31 55 258 176 272 144 100 125 692 1410 58 588 66 596 399 966 64 98 27 178 11
332 468 87 215 651 633
333 1293 272 343 908 355 689 266 1025 680 315 327 752 1612 358 316 258 332 751 890 750 754 346 351 322 323 347 984 300 879
334 45 273 900 285 124 513 116 654 408 12 684
335 127 511 187 242 528 56 527 521
336 431 121 82 100 210 79 528 1278 265 318 176 150 95 181 117 455 483 171 209 357 201 168 182 234 257 204 186 435
337 64 183 50 222 65 143 300 238 204 127 663
338 174 71 153 413 140 230 56 200 235 68 172 109 222 217 163 581 470 1135 742 650 389 50 282 357 496 227 147 168 195 151 228 64 98 684 157 423 416 11 944 186 431 265 523 176 181 173 86 232 120 1245 1079 521 432 182 82 211 491 378 1188 633 662 208 9 1207 448 393 1039
339 727 921 42 39 181 774 532 561 50 173 172 191 56 10 721 190 217
340 168 127 724 746 173 652 181 22 156 172 249
341 192 197 652 512 203 156 922 664 10 480 135
342 511 514 463 427 750 207 1302 1101 8 657 69 357 902 483 887 251 12 313 191 663 257 527 166 165 328 205 647
343 836 971 175 42 235 246 708 475 135 514 268 479 60 7 134 170 13
344 127 1097 150
345 181 659 900 173 313 607 241 561 488 233 654 246 20 176 778 45 134 1194 498 318 558 186 482 297 210 216 50 275 10 427 132 615 443 133 740 166 423 432 268 47 1 707 213 1475 226 234 130 694 79 174 496 223 306 221 197 98 100 347 211 86 303 381 116 283 185 633 187 509
346 414 288 71 1136 132 258 68 257 98 223 127 729 476 185 559 292 735 454 168 100
347 378 133 22
348 494 50 510 520 176 662 82 661 530 404 183 175 234 423 210 69 746 181 568 684 168 399 8 742 482 95 202 71 1019 710 79 657 705 174 523 177 204 1063 521 641 12 172 89 228
349 343 338 826 682 892 147 245 827 271 302 405 316 1089 898 298 748 334 257 313 894 691 121 250 50 597 252 288 751 1016 754 181 895 306 345 841 307 118
350 172 150 209 216 101 151 180 506 528 474 154 423 132 191 357 524 514 378 183 527 228 50
351 198 11 97 527 56 273 286 183 186
352 746 189 302 83 1 423 367 210 239 275 70 228 28 214 169 173 7 174 425 97 50 216 191 111 1039 12 710 195 474 98 87 114 190 196
353 50 660 286 474 582
354 300 50 258 761 1177
355 25 919 717 685 222 696 118 117 276 125 121 106 628 129 742
356 352 1280 335 349 909 336 1592 263 299 878 1062 330 266 1293 313 351 680 340 350 1612 903 879 874 268 1434 348 887
357 268 109 12 239
358 100 523 179 192 510 134 23 521 135 480 208 168
359 114 382 516 242 393 83 935 50 629 707 208 269 285 181 189 8 204 163 194 116 634 70 306 663 210 1195 1014 1047 451 14 258 255 197 257 694 408 1472 169 1121 531 1069 435 949
360 89 660 182 187 179 127 527 646 286 845 504 578 129 709 111 133 511 482 211 447 367 498 508 216 693 241 1421 14 39 700 23 208 302 433 514 6 1073 131 60 212 614
361 127 646 634 709 22 59 429 238 651 7 177 182 671 647 183 153 511 172 180 185 191 187 168 234 357 23 499 9 526
362 239 58 657 50 194 174 181 173 83 31 202 79
363 178 357 60 191 64 275
364 990 312 690 898 329 313
365 95 216 132 746 655 692 1119 96 763 515 210 205 468 685 284 562 421 500 568 66 485 168 117 404 11 195 470 472 357 151 914 526 658 197 148 51 482 164 501 9 510 559 636 97 125 228 796 44 946 619 24 77 676 535 218 181 230 139 496 191 107 79 633 480 1189 272 136 304 313 367 277 491 427 204 234 339 739 87 22 549 426 282 531 2 684 229 98 161 576 523 1011
366 50 450 127 430 496 222 568 313 210 133 100 20 197 747 423 663 205 125 318 132 660 739 117 64
367 455 117 1028 591 24 240 1199 628 471 742 986 147 273 294 1 1054 410 717 597 282 276
368 836 506 953 607 433 502 168 521 423 209 813 204 478 514 435 210 483 173 133 686 657 631 60 87 558 194 136 213 319 64 496 425 223 507 963 100 258 709 488 614 484 197 132 134 1098 50 382 277 7
369 174 143 265 69 163 189 227 470 318 662 135 1039 496 169 172 746 71 213 474 210 1115 190 707 566 498 480 408 168 228 378 427 694 28 275 1 205 22 181 431
370 134 644 135 262 127 474 511 56
371 191 98 69 97 215 127 22 318 199 483 50
372 382 661 242 19 483 153 956 197 170 69 269 132 319 59 660
373 210 781 419 181 8 651 50 476 234 142 755 91 418 71 659 140 946 79 378 172 678 83 709 173 459
374 135 207 190 371 56 134 12 60 603
375 210 228 472 217 71 1 181 121 173 403 50 62
376 118 98 346 436 930 717 347 7 977 53 200 5 219 109 760 121
377 273 118 147 657 222 31 270 603 504 12 23 654 121 466 100 295 229 257 203 79 742 226 56 55 233 50 300 291 250 431 515 98 127 164 471 183
378 323 310 50 288 121 328 181 271 15 258
379 684 578 690 365 864 260 581 22 132 561 318 582 316 121 161 135 15 959 742 238 185 746 62 193 127 550 317 79 42 825 527 98 827 975 156 118 505 476 693 180 943 144 554 328 272 331 24 849 117 55 195 315 95 227 182 186 198 762 1443 924 72 1135 205 809 410 603 763 177 92 1011 187 470 596 357 281 168 636 226 111 67 655 531 209 97 433 393 64 1136 196 1220 9 162 385 82 218 219 228 333 1118 211 33 727 17 276 51 229 628 475 96 366 58 192
380 511 22 427 131 604 98 265 89 151 474 99 603 484 515 100 520 190 23 519 197 153 611 275 480 487 213 187 657 524 178
381 236 489 285 269 169 181 319 50 252 13
382 327 496 192 520 479 48 507 64 603 12 481 134 127 493 604 318 172 209 427 523 482
383 8 872 198 12 298 532 246 165
384 116 936 508 19 20 100
385 188 315 199 318 519 196 144 205 863
386 7 640 273 12 1512 432 607 652 474 611
387 443 191 418 501 727 416 402 143 144 127 135 174 194 185 88 432 234 485
388 692 50 255 257 321
389 52 179 212 170 10 1018 70 713 652 639 83 382 515 971 707 190 171 86
390 1193 242 207 856 405 127 192 1005 163 582 165 170 2 134 1065 496 693 64 135 137
391 1019 482 1204 221 483 517 273 496 478 176 497 646 156 60 168 293 603 653 175 479 185 1022 134 32 474 647 179 198 481 89 514 657 127 434 507 182 197 489 589 525
392 606 474 1203 615 479 641 483 488 134
393 126 50 151 9 19 100 124
394 258 245 269 1062 319 262 344 100
395 95 365 727 385 168 241 866 939 265 217 71 65 28 173 64 161 735 663 470 196 174 409 215 317 496 183 318 22 97 181 176
396 83 216 603 709 258 194 202 50
397 181 289 258 343 271 50 3 257
398 93 50 293 100 313
399 12 268 175 357 513 708 425 519 483 655 200 524
400 463 1512 212 707 207 70 1009 1193 923 510 213 1449 1558 1155 198
401 273 76 405 121 3 217 1218 17 53 56
402 365 204 143 347 15 333 316 278 451 220 215 282 272 172 419 131 133 1428 417 433 132 959 658 578 485 421 42 402 354 367 173 941 68 181 63 1240 1074 1061 8 366 107 155 969 268 225 12 178 88 168 22 697 313 716 370 216 50 234 735 301
403 285 150 126 14 286 6 137 19 124
404 50 204 297 433 202 1134 408 201 847 157 251 318 187 425 42 303 56 258 238 273 262 272 32 169 137 306 215 508 705 174 521 313 963 11 100 320 144 14 854 173 12 534 1514 192 421 193 223 853 8 589 763 522 191 1199 1073 98 466 188 293 1129 132 1184 655 48 1143 1010 1070 176 23 69 302 340 514 189 268 410 15 58 1022 117 285 246 22 9 568 96 887 47 526 298 427 423 286 527 654 180 512 198 735 1142 99 558 185 170 183 7 134 135 13 1012
405 633 196 216 70 100 83 69 162 659 866 173 660 286 966 155 98 56 739 200 255 282 153 417 111 478 179 272 126
406 298 293 15 50 283 289 825 748
407 282 237 595 975 888 255 763 845 1278 846 220
408 127 435 176 89 241 22 515 177 96 56 665 511 187 183 518
409 181 179 91 763 201 132 1084 173 168 429 921 228
410 172 181 429 1240 1483 12 313 250 50 89 7
411 127 601 137 15 98 318 483 191 521 288 496 528 223 132 357 126 14 69 371 79 408 135 508 523 526 187 64
412 418 15 186 147 96 763 228 966 64 746 22 423 660 483 432 709 132 68 172 83 89 203 993 174 56 191 71 25 135 313 176 91 200 183 248 195 151 531 924 24 735 168 3 179 969 806 333 293 825 181 50 211 959 98 255 82 833 184 588 178 97
413 1172 65 489 609 695 1119 238 568 98 607 185 753 196 969 275 655 660 61 699 448 56 207 606 1262 603 317 443 23 83 1063 479 505 59 288 421 197 234 514 42
414 483 143 12 419 318 127 185 162 755 480 607 378 606
415 258 64 126 194 478 297 176 530 603 89 12
416 100 255 1
417 517 1021 194 529 632 303 211 178 523 187 23 428 209 736 638 357 427 168 191 192 213 514 48 435 14 519 86
418 185 79 50 192 318 423 97 117 427 404 23 187 127 432 181 172 174 483 200
419 117 403 241 226 651 313 258 300 118 568 183 82 385 665 187 195 176 96 298 121 79
420 71 768 121 281 240 354 993 740 423 928 63 174 1066 323 138 82 595 94 627 588 699 260 393
421 135 181 559 117 1012 151 100 172 257 96 624 385 87 271 686 50 313 154 55 8 79 405
422 12 521 432 144 56 50 166 737 1039 408 597 89 385 64 156 169 100 207 98 96 195 173 127 7 431 172 249 109 228 181
423 50 275 204 483 659 648 181 79 210
424 272 285 286 276 313 100 93
425 96 428 135 50 197
426 179 467 177 58 196 318 183 697 205 176 197 7 187 199 690 317 193 435 64
427 270 302 300 845 361 340 288 333 242 338 1296 258 690 332 984
428 162 117 197 509 1119 566 50 135 660 182 64 147 15 423 87 172 22 199 684 467 307 98 12 111 651 655 193 132 23 173 137 210 223 69 100 268 276 732 56 194 127
429 476 117 255 595 298 216 742 11 111 64
430 79 480 184 186 483 81 705 510 684 50 132 143 195 95 64 173 318 210 191 12 134
431 237 302 286 313 121 127 475 276 950 744
432 269 327 268
433 596 258 313 100 813 118 10 15 272 25 760
434 1233 151
435 181 144 230 430 265 186 204 174 385 22 226
436 941 173 204 239 1073 663 12 750 186 168 318 919 85 342 210 79 134 231 202 180 428 170 338 313 761 189 174 693 269 184 55 169 42 315 182 580 96 81 209 175
437 484 865 285 305 511 513 134 23 558 198 483 432
438 921 720 105 210 50 966 596 259 1079 294 826 80 88 148 769 15 249 71 959 541 29 559 1 8 82 485 395 731 845 1014 367 451 542 143 174 313 83 409 383 66 96 166 944 739 386 237 742 472 28 51 173 588 1078 416 932 186 21 384 121 393 208 64 69 1152 95 252 686 181 748 553
439 56 87 150 100 195 1 23 168 12 715 129 276 185 219 240 435 127 156 474 432 603 176 96 430 357 172
440 179 197 175 512 200 59 518 209 474 430 483 427 134 514 318 191 208 60 654 185 653 182 46 135 357 650
441 96 304 188 194 685 28 184 174 385 434 568 177 173 181 447 430 230 323 152 502 66 510 172 169 202 1 94 111 222 483 432 168 183 431 204 62 436 38 435 228 742 82
442 630 50 480 484 134 483 208 443 511
443 50 566 83 157 180 239 748 22 127 746 89 186 531 684 191 333 188
444 318 222 313 128 50 969 22 28 79 173 174 169 265 660 283 591 300 144 275 210 249 114 143 196 408 83 302 12 82
445 515 45 151 56 527 178 198 127
446 507 607 419 127 385 805 661 143 177 23 313 606 481 496 97 175 197 443 603 86 451 56 1064 517 514 210 1021 187 526 657
447 132 95 408 216 168 498 79 166 194 433 8 165 181 174 135 707 210 89 515 185 228 496 195 180 50 169
448 11 287 96 357 50 127 134 313 56 763 42 98 176 182
449 183 4 179 199 529 429 474 302 515 187 506 134 318 856 613 286 1021 647 127 310 188 654 498 650 516 651 493 642 483
450 285 651 124 318 192 196 86 269 357 9 182 487 475 427
451 462 127 490 12 151 408 181 511 192 515 654 657 603 480 479
452 228 657 479 659 611 485 603 705 483
453 250 385 204 258 685 576 241 4 96 161 12 257 472 50 159 210 89 174 546 288 123 66 38 7 172 237 562 118 255 553
454 306 531 509 1653 318 463 1628 896 427 269
455 265 181 344 169 172 50 1 257 132 318 114 845 916 173 22 168 302 174 480 993 100
456 307 1240 268 508 300 294 129 288 455 101 358 240
457 181 357 223 28 168 83 751 173 483 318 172
458 276 169 285 318 150 14 7
459 1394 289
460 924 68 92 655 50 127 87 181 272 423 64 12 154 151 246 156 22 268 196 187 95 1019 172 42 73 71
461 511 302 187 133 132 607 513
462 710 82 8 483 15 215 172 83 477
463 187 180 504 357 185 205 170 134 327 99 208 182 198 480 56 317 173 192 435 214 178 969 518 299 654 427 191 22 603 168 23 179 318
464 288 682 339 332 326 754 259 329 338 304 359 341 309 1127 877 302 879 749
465 7 250 222 109 15 121 328 50 300 257 181 258
466 218 64 238 208 357 153
467 1 170 524 604 318 185 178 650 182 64 692 205 79 735 772 496
468 191 196 199 50 121 197 98 82 174 131 181 423 97 520 176 127 177 511 648 510 69 135 483 527 194 141 482 205 661 530 172 211 357 183 188 705
469 713 273 302 123 277 242 124 268 751 107 748 300 979 50 7 127 284 257 1067 369 126 324 305 276 291 237 886
470 316 100 750 50 272 311 275 124 269 19 237
471 604 211 50 178 496 131 654 491 480 603 318 648 272 135 492 98 432 286 197 494 89 481 633 134
472 1043 265 64 1 300 932 275 174 282 38 568 255 79 318 22 720 623 148 29 222 210 699 625 62 82 71 755 96 117 283 181
473 531 170 286 1109 162 208 191 116 956 647 8 533 660 1642 1479 137 305 527 318 425 483 718 707 251 10 160 865 847 507 9 190 285 1024 345
474 1 873 50 313 255 866 237 1152 118 319 845 222 740 181 762
475 64 195 28 174 96 56 127 161 282 11 172 431 232 50 1059 183 318 97 69 288 118 68
476 269 483 699 137 707 196 463 340 694 716 132 735 724 277 8 420 143 1160 191 451 170 496 52 213 169 272 959 134 660 86 921 189 116 381 736 312 475 172 923 961 275 98 88 408 70 582 306 83 419 133 969
477 392 385 366 97 399 181 785 82 568 110 732 692 699 73 662 220 655 173 210 71 66 716 941 40 1220 143 96
478 181 50 405 1016 3 117 118
479 202 426 193 318 90 161 79 1 64 28 205 746 173 176 273 480 98 182 144
480 318 483 91 275 143 196 194 663 1039 191 496 82 1 507 357 131 211 527 425 48 526 28 705 427 651 64 197 265 99 514 50 493 22 606 474 136 174 432 185 216 486 732 151 511 69 134 121 692 485 56 58 213 210 274 237 498 735 154 515 300 52 419 494 168 234 631 193 501 603 178 98 465 190 132 204
481 287 293 268 302 475 282 1137 126 300 888 269 742 312 285 887 628 258 995
482 223 318 69 64 98 520 735
483 286 896 311 887
484 328 357 393 527 22 196 990 173 471 216 77 181 1039 720 28 423 660 269 631 380 204 222 127 1 228 1065 229
485 433 187 658 88 207 70 169 470 168 164 250 114 274 28 186 679 451 83 173 205
486 197 192 357 393 462 97 69 427 705 1503 143 213 527 64 655 202 215 496
487 14 1067 137 124 20 100
488 186 175 156 187 192 258 137 357 100
489 318 205 180 183 96 210 69 603 385 174 89 176 193 527 408 169 173 228 164 313 82 1 135
490 359 100 1429 526 327 97 301 195 749 22
491 98 403 427 265 134 174 480 22 50 196 357 172 186 479
492 224 100 303 276 302 744 258 9
493 127 508 963 657 479
494 431 50 144 202 172 204 385 210
495 208 23 223 432 48 486 183 443 1194 211 496 648 705 474 1203 494 502 91 135 205 634 461 408 639 588 580 501 302 693 509 109 596 50 526 97 481 923 736 347 480 268 508 631 30 949 56 887 313 133 615 606 483 418 98 179 530 11 416 485 603 663 1134 69 519 262 423 215 475 188 8 357 493 318 959 462 529 162 842 182 136 792 320 479 235 1021 134 96 185 32 47 644 174 129 172 169 276 9 403 181 511 521 204 127 100 488 715 900 305 505 865 1 124 510
496 174 176 50 89 186 175 527 318 603 408 96
497 125 31 735 154 151 144 11 837 199 172 15 195 194 228 173 168 378 659 183 82 480 96 404 211 526 98 99 418 661 271 136 655 531 174 22 202 208 233 941 419 94 478 1016 181 470 50
498 301 248 418 487 736 659 50 131 181 483 42 269 194 95 193 87 98 83 143 172 631 25 21 213 210
499 271 288 306 259 302 307 902
500 515 483 199 215 294 71 427 657 98 173 269
501 603 178 100 1149 919
502 135 127 235 108 1085 153 287 324 64 607 163 286 69 634 656 316 1098 412 480 527 14 512 253 685 191 100 1159 483 482 202 257 1052 183 489 547 294 474 780 657 186 1007 203 603 705 505 98 171 200 1039 1001 479 968 430 887 154 514 531 151 116 650 173 124 384 425 179 896 143 652 475 262 362 285 137 209 509 640 433 96 12 520 435 13 176 320 315 174 735
503 1016 1 121 742 328 222 220 118 294 181
504 451 258
505 546 148 181 50 1157 237 117
506 302 875 173 955
507 275 1268 961 70 16 1065 730 222 432 100 59 224 60 135 194 12 4 198 703
508 143 71 496 174 121 132 95 117 633 531 318 98
509 127 286 522 14 42 1009 507 170
510 134 127 318 168 208 8 747 205 474 28 527 663 428 91
511 98 100 172 506 524 432 481 921 1 659 177
512 173 1 300 313 14 127 272 100
513 1 919 25 300 282 151 7 93 15 1012 258 748 14 813 334 275 246 333 117 100 268 297 473 129 323 111 924
514 83 237 258 28 949 275 71 1 69 408 189 216 892 8 15 477 86 169 496 251
515 60 14 531 1367 258 61 462 152 209 181 172 919 59 168 170 1529 50 408 153 127
516 179 238 519 180 778 530 193
517 327 750 315
518 168 511 22 474 50 656 708 28 514 483 509 174 191 89 510 524 549
519 56 117 521 42 818 202 204 522 180 9 692 652 196 245
520 199 133 357 423 172 526 187 511 318 210 705 204 498 28 174 313 50
521 483 100 474 127 205 174 187 135 50 172 302 1500 523 179
522 269 313 258 750
523 588 7 423 133 9 28 237 71 111 496 198 208 98 188 528 95
524 690 750 258
525 98 483 133 318 661 12 64 100 684 199 132 1126 286 589 176 423 510 528 22 511 300 28 157
526 127 475 9 150 276 100 741
527 327 50 300 306 332
528 242 475 50 238 847 269 127 14 285 137 936 515 100
529 100 209 25 588 7 169 91
530 87 496 168 174 367 4 117 176 215 419 98 121 315 2 487 271 196 173 183 222 38 684 1041 181 402 692 187 155 89 588 739 151 484 316 12 483 69 228 785 153 298 161 293 230 250 732 257 144 237 478 265 200 633 79 216 486 342 195 147 660 333 371 88 748 77 127 328
531 274 21 748 173 283 259 405 821 485 709 95 254 265 63 50 399 815 826 930
532 258 654 173 286 427
533 294 288 300 328 682 313 268 271
534 286 887 242 340 305
535 82 318 198 663 128 210 215 184 24 181 615 510 480 692 64 168 498 322 443 199 515 98 647 96 523 603 257 357 100 174 235 513 436 294
536 475 470 168 200 238 147 137 175 154 1170 91 197 537 952 343 7 93 55 501 106 269 47 122 522 323 190 1101 1110 451 509 1629 428 1118 98 425 1065 100 234 432 645 357 922 1157 79 128
537 182 89 144 485 12 176 50 179 210 187 408 856 419 175 143 127 196 318 96 169
538 419 1050 99 527 265 612 22 1138 71 485 684 63 174 526 133 199 79 181 550 1066 172 588 520 470 402 542 300 432 930 510 50 449 602 496 91 483 423
539 294 750 262 313 340 872 327 346
540 301 326 294 333 321 902 269 342 339 289
541 748 333
542 173 483 183 357 528 496 465 96 215 125 132 735 596 200 50 172 191 647 494 86 57 154 423 1039 87 529 1 71 686 230 613 97 114 143 1204 837 659 190 732 705 527 228 588 318 919 214
543 97 174 126 1084 132 213 357 318 234 1 427 509 274 1060 56 705 28 1197 237 484 95 389 707 495 459 483 22 98
544 211 31 191 7 48 144 475 22 732 196 87 286 216 197 13 193 98 318 8 660 173 100 56 187 654 425 89 4 58 174 50 655 514 156 503 127 408 136 154 26 88 715 517 168 134
545 986 298 472 174 176 12 117 1244 546 385 245 250 125 687 322 982 291 930 121 405 195 222 597 748 147 252 273 746
546 431 172 50 101 53 174 343 127 181 195 176 22 578 265 89 665 177 210 96 183 385 71
547 69 100 511 22 126 205 50 313 480 226 265 210 172 588 498 474 554 193 550 174 427 732 399 49 837 89
548 272 250 174 298 50 7 12 713 603 313 144 210 204 56
549 340 187 160 127 154 203 488 185 1597 195 654 616 96 923 589 168 89 508 182 134 192 271 346 23 1187 298 47 1070 447 179 646 11 474
550 269 313 292 150 288 127 50 475 315 316 333 276 181 515
551 325 708 393 654 131 610 197 499 543 735 357 180 633 196 210 133 318 371 25 650 15 488 234 132 606 485 135 239 632 1278 504 98 174
552 12 180 659 611 170 654 192 269 292 163 523 357 185 174 663
553 151 125 1009
554 845 423 647 135 166 1065 1266 98 498 234 496 169 506 513 884 203 99 655 297 180 8 474 165 56 197 515 566 443 168 430 512 492 303 505 483 514 659 173 419 528 519 516 100 484 661 616 473 202 190 23 493 603 525 657 520 615 463 91 357 137 521 653 179 185 480 432
555 331 307 313 1294 258 302 888
556 69 216 181 173 83 921 12
557 566 205 193 483 33 520 86 132 186 180 770 228 504 480 528 50 1473 1118 190 2 654 494 609 530 612 202 488 179 143 505 69 184 42 4 127 431 185 642 484 559 697 208 198 513 693 562 234 657 203 527 836 89 47 233 580 794 302 419 215 515 497 212 181 271 182 463 48 385 614 470 175 192 199 435 396 650 210 318
558 372 109 1137 239 301 1167 1400 262 652 222
559 164 294 1126 32 529 615 480 207 204 318 196 419 209 1118 755 172 1101 428 530 154 89 603 642 179 638 25 474 82 845 357 971 214 517 610 478 202 498 663 489 393 166 805 108 170 443 514 431 462 485 739 973 186 654 163 421 197 153 484 134 945 1063 97 199 519 479 523 430 132 855 173 71 191 210 72 216
560 928 143 172 298 588 27 174 633 121 133 234 676 197 421 207 38
561 204 208 566 8 173 210 174 121 181 82 294 71 97 168 28 648 568 22 705 50 419 318 132 496 95 385 485 88
562 693 11 527 238 50 1016 273 271 144 182 346 915 64 160 340 56 92 302 22 127 1143 298 591 875 831 180 310 174 295 318 17 4
563 318 200 93 288 238 8 12 100 9 64 124 56 493 11 132
564 50 127 288 1011 474 216 181 147 1093 22 121 276 175 199 603 117 179 1110 480 431 79 228 173 271 172 182 143 434 200 521 647 825 10 496 174 282 472 81 544 211 222 257 180 260 195 930 188 250 135 89 483 633 969 132 185 1050 789 435 69 151 651 432 91 265 202 92 1109 12 485
565 315 326 361 346 268 306 324 328 327 334 310 272 286 343 316
566 408 50 273 11 22 124 98 176 7 132 64 483 276 56 87 1 47 496 91 12 100 471 181 48 114 202 286 423 735 96 174 109 95 651 28 203 133 82 73 69 283 736 333 367 403 318 169 258 235 24 288 172 343 357 79 201 204 8 153 328 265 151
567 7 169 919 408 1009
568 480 23 135 524 195 210 650 228 511 50 181 175 270 150 207 186 651 657 9 1159 56 496 12 286 31 483 1039 1154 1065 603 28 191 855 529 134 156 180 89 690 172
569 206 651 151 210 150 455 136 412 50 228 198 1098 408 189 23 128 181 61 64 169 114 317 1240 100 7 12 199 174 172
570 515 100 127
571 603 504 520 483 192 527 673 45 56 174 514 582 182 479 1 58 793 127 496 87 657 9 197 1073 357 480 193 170
572 174 177 302 22 56 173 313 270 575 195 172 210 187 526 326 79 182 147 226 271 161 347 276
573 127 514 302
574 772 169 923 514 171 582 651 504 1073 183 333 50 511 98 174 56 921 32 180 211 423 357 302 23 179 1103
575 515 60 59 170 176 70 56 98 531 61 371 744 662
576 427 530 736 416 496 481 474 529 318 14 285 512 153
577 763 866
578 651 204 347 12 272 603 185 100 42 176 316 180 68 28 568 64 208 423 693 302 177 1134 234 257 315 98 172 194 318 273 268
579 663 180 49 601 222 179 98 117 443 174 333 265 276 121 528 526 125 530 357 192 414 193 64 185 22 199 143 419 28 580 495 257 651 1217 191 82 31 732
580 515 204 173 71 186 15 86 222 225 496 427 195 82 228 168 419 89 205 380 748 423 275 132 1 174 98 510 185 208 177 181 99 199 582 420 28 69 378 265 133 501 432
581 7 129 709 1045 256 1019 715 656 462 322 137 399 134 89 461 116 1021 175 403 355 748 323 276 387 1448 1462 185 257 316 289 1065 183 153 523 61 477 56 896 302 1131 900 124 955 1005 430 989 59 922 479 198 151 694 81 195 515 1012 513 745 408 421
582 9 269 179 381 258 382 529 921 198 510 463
583 210 70 97 189 237 318 660 169 274
584 147 108 7 161 129 172 651 657 475 79 178 268 1067 721 12 191 216 180 64 95 1014 42 762 833 1467 183 50 11
585 1015 993 369 1 111 279 1136 210 181 1035 633 99 710 206 91 871 87 38 24 760 926 763 318 176 421 969 47 294 28 140 562 597 412 240 22 172 202 755 121 596 109 118 151 128 1120 65 432 465 56 143 115 50 378 305 455 1084 405 289 1047 204 1028 673 756 720 71 90 122 420
586 196 56 462 186 515 173 64 153 194 11 178 652 150 12 1073 33 169 156 188 128 42 199
587 427 479 134 654 174 1149 234 50 480 23 286 195 357 132 194 179 657 675 151 185 671 313 136 604 208 205 483 496 514
588 281 471 25 459 285 313 286 237 107 100 1278 866 476 148 924 126 740
589 87 661 604 649 89 173 191 500 97 144 284 12 481 187 174 423 100 172 588 176 671 496 615 425 613 482 192 612 195 79 8 357 663 515 135 641 487 484 318 523 601 478 22 521 1 430 479 216 150 684 511 483 837 188 157
590 863 558 753 923 12 179 20 512 60 960 536 1005 212 190 124 286 639 137
591 136 98 215 174 228 216 134 187 429 770 50 8 327 83 190 203 181 127 173 180 172 493 660 241 489 79 69 478 588 71 96 511
592 1 597 472 214 127 186 151 194 143 177 603 195 200 22 82 132 161 97 183 71 50 659 429 136 465 68 234 423 99 98 211 378 443 526 79 208 633 498 501 176 118 673 521 866 402 121 288 760 201 925 96 646 180 405 185 187 210 609 174 523
593 694 209 216 154 282 496 95 79 50 153 258 174 427 740 28 194
594 12 228 144 476 568 96 566 1620 161 174 520 230 1041 28 1389 378 63 73 435 194 172 391 195 739 1 204 88 1605 1643 429 69 66 732 15
595 318 50 480 497 144 191 8 1
596 318 191 23 187 521 223 56 98 186 185 693 443 180 655 188 64 13 12 427 763 1142 238 211 1098 30 192 81 651
597 289 421 278 275 255 785 280
598 763 100 591 317 274 828 472 147 740 821 813 497 281 333 198 713 729 1119 628 202 696 98 275 520 83 144 1040 869 1221 286 88 1284 117 322 471 402 96 1244 182 1220 744 1167 1157 1048 1051 19 1016 71 313 25 79 291 1028 272 697 924 633 748 393 5 1047 277 111 553 237 427 312 742 220 107 978 366 485 1 326 271 143 97 288 278
599 582 116 300 1121 509 165 261 86 170 707 224
600 435 185 381 143 190 969 855 479 709 465 173 151 655 603 191 478 625 87 419
601 132 483 143 423 482 197 14 659 655 498 357 427
602 357 527 144 175 174 89 173 613 9 7 200 19 176 64 191 228 474 419 131 657 96 143 408 289
603 100 81 14 134 212 48 246 9 56 511 483 268 42 180 425 58 92 64 89 172 137 52 1009 156
604 137 190 213 707 1137 855 972 507 89
605 57 15 508 582 58 285 100 558 715 276 313 129 82 275 93 419 382 340 9 22 272
606 181 173 815 1032 133 121 328 196 222 678 419 143
607 89 202 151 265 173 50 949 22 181 1 11 432 919
608 333 174 181 288 273 334 295 168 100 1012 257 50 340 1277 475 741 276 1017 591
609 174 1 173 923 504 433 178 318 511 50
610 222 294 228 380 15 367 1089 230 288 300 72 257 95 420 541 121 11 71 755 64 1016 118 96 1 210 742 38
611 8 98 187 496 1007 358 878 1025 876 114 48 172 268 749 134 246 127 276 168
612 135 1065 176 525 1512 589 498 172 154 194 114 507 1205 657 648 98 211 661 745 615 516 429 654 479 480 639 482 178 524 100 517 528 205 189 616 493 491 488 612 836 511 136 1449 1558 45 208 486 474 513 168 526 89 521 119 169 514
613 50 197 202 223 208 174 488 56 963 660 4 13 414 732 89 191 510 1203 196
614 742 864 286 313 281
615 236 250 249 547 253 93 475 1097 1007 1344 813 1368 325 20 1163 286 324 6 19 276 127 1377 1171 289 1375 1129 255 919
616 313 1012 181 370 1028 111 127 50 222 928 596 118 100 273 106 257 993
617 476 222 326 1277 220 127 118 298 255 756 285 15 283 9 280 257 508 237 471
618 96 194 8 95 855 427 300 482 709 508 313
619 423 347 304 193 31 131 500 172 607 95 50 97 528 659 484 71 174 272 99 79 520 480 300 215 282 435 478 318 197 945
620 186 12 471 184 127 943 55 721 928 98 42 64 182 79 508 187 282 2 194 205 173 239 201 92 69 196 672
